GAMS 39.2.0  e0c5072f Jun 2, 2022           WEX-WEI x86 64bit/MS Windows - 06/23/22 15:13:52 Page 1
G e n e r a l   A l g e b r a i c   M o d e l i n g   S y s t e m
C o m p i l a t i o n


   1   
   2  set
   3     r 'raw materials' /r1*r6/
   4     i 'ingredients' /c,s,a,f/
   5     t 'targets' /target1*target3/
   6  ;
   7   
   8  table data(r,*) 'raw materials data table'
   9        lo    up      c     s     a     f
  10  r1  0.300  0.370  51.29  4.16  0.97  0.38
  11  r2  0.300  0.370  51.42  4.16  0.95  0.37
  12  r3  0.070  0.130   6.88 63.36 13.58  3.06
  13  r4  0.005  0.015  32.05  1.94
  14  r5  0.010  0.030   4.56 21.43  3.82 52.28
  15  r6  0.110  0.130   0.19  7.45  4.58  0.42
  16  ;
  17  display r,i,t,data;
  18   
STOP c:\tmp\goal.gms
GAMS 39.2.0  e0c5072f Jun 2, 2022           WEX-WEI x86 64bit/MS Windows - 06/23/22 15:13:52 Page 2
G e n e r a l   A l g e b r a i c   M o d e l i n g   S y s t e m
Include File Summary


   SEQ   GLOBAL TYPE      PARENT   LOCAL  FILENAME

     1        1 INPUT          0       0  c:\tmp\goal.gms
     2       19 STOP           1      19  c:\tmp\goal.gms


COMPILATION TIME     =        0.000 SECONDS      3 MB  39.2.0 e0c5072f WEX-WEI
GAMS 39.2.0  e0c5072f Jun 2, 2022           WEX-WEI x86 64bit/MS Windows - 06/23/22 15:13:52 Page 3
G e n e r a l   A l g e b r a i c   M o d e l i n g   S y s t e m
E x e c u t i o n


----     17 SET r  raw materials

r1,    r2,    r3,    r4,    r5,    r6


----     17 SET i  ingredients

c,    s,    a,    f


----     17 SET t  targets

target1,    target2,    target3


----     17 PARAMETER data  raw materials data table

             c           s           a           f          lo          up

r1      51.290       4.160       0.970       0.380       0.300       0.370
r2      51.420       4.160       0.950       0.370       0.300       0.370
r3       6.880      63.360      13.580       3.060       0.070       0.130
r4      32.050       1.940                               0.005       0.015
r5       4.560      21.430       3.820      52.280       0.010       0.030
r6       0.190       7.450       4.580       0.420       0.110       0.130



EXECUTION TIME       =        0.016 SECONDS      4 MB  39.2.0 e0c5072f WEX-WEI


USER: Eval License                                   G211206|0002CO-GEN
      Amsterdam Optimization Modeling Group,                     DCE378


**** FILE SUMMARY

Input      c:\tmp\goal.gms
Output     C:\projects\OptimizationModels\MaxCut\goal.lst
